1 P0,1,2,3,4,5,6,7,8,9,10,11
3 C3,4,5,6,7,8,9,10,11 F0,1,2
1 P3,4,5,6,7,8,9,10,11 F0,1,2
2 R1 F0 F2 P3,4,5,6,7,8,9,10,11
1 R1 F0 F2 C3,4,5,6,7,8,9,10,11
3 F0,1,2,9,10,11 C3,4,5,6,7,8
2 F0,1,2,9,10,11 P3,4,5,6,7,8
2 F0,1,2,9,10,11 C3,4,5 C6,7,8
3 R1,10 F0,11 F2,9 C3,4,5,6,7,8
2 R1,10 F0,11 F2,9 P3,4,5,6,7,8
3 C3,4,5 C9,10,11 F0,1,2,6,7,8
2 P3,4,5,9,10,11 F0,1,2 F6,7,8
1 C3,4,5,9,10,11 F0,1,2 F6,7,8
5 C3,4,5 F0,1,2,6,7,8,9,10,11
3 C3,4,5 F0,11 R1,10 F2,6,7,8,9
S 4 R1,7 F0,8,9,10,11 F2,6 C3,4,5
3 C3,4,5 R10,7 F0,1,2,6,11 F8,9
3 C3,4,5 R1 R7 R10 F0,11 F8,9 F2,6
4 M F0,1,2,3,4,5,6,7,8,9,10,11
2 R10 M F0,1,2,3,4,5,6,7,8,9,11
9 R1,10 F0,11 F2,3,4,5,6,7,8,9
8 R1,7 F2,3,4,5,6 F8,9,10,11,0
4 R1 R7 R10 F2,3,4,5,6 F0,11 F8,9
1 R1 R4 R7 R10 F2,3 F5,6 F8,9 F11,0